pareto front #1
0.24037298016320016 7.2950607611456135
0.32334409837568007 6.80668179405044
0.20247566044200516 11.54801768303071
0.18006957254818273 18.67940249529369
0.13398440794919336 21.337382216116765
0.6324039201463171 1.7376709403911648
0.3578545797897057 4.962023827033156
0.40312653734010473 2.9256521743610566
0.33467917683965986 5.649382521656391
pareto front #2
0.39293764016788524 5.388400732502962
0.40502424527300296 4.779061688464469
0.2935255667253649 9.718852509610418
0.1722735667084465 21.847150467722013
0.36066711387495 7.7001191155710105
0.13644051508132593 21.95892701441184
0.25939859174080365 15.844858072824929
0.9444583484568201 1.7728686208749125
0.23623991973043526 18.924597188460805
0.2796830816081784 12.245894786562628
0.45044676506239156 3.033411701209292
0.8668982066883579 2.5877773678072717
pareto front #3
0.45953914644261973 4.491646481695451
0.3033174281258748 17.23011742791143
0.4181525996336962 11.260132076051255
0.7661622049713912 3.5545071499466996
0.3068427920213259 12.662587143219865
0.6258859361312521 4.306445971884093
0.16248279730851548 32.59819437643067
0.4468389207102752 6.783463803027539
0.14100424584621654 36.31246381702183
pareto front #4
0.6441362280799311 4.867302580116759
0.1548299770839874 36.77247932864222
0.4934072411445617 9.42449208124206
0.8865059636515282 3.771420060931273
0.5024160923817164 4.998562055337442
pareto front #5
0.7948856382942151 4.868971610183122
0.507260207842018 11.12345117444519
0.5518380166823312 6.048512704475731
0.5986013055400916 5.749920008740452
pareto front #6
0.7973131882143281 5.732155994697802
0.5820903885351417 6.37783471130994
0.8278567276767844 5.181575372080358
pareto front #7
0.6475849875625213 7.333752617875025
0.6163122818569177 8.193389325459336
0.6226868072093299 7.498744182020941
0.7223930679915717 6.742302254640618
0.8981608508423802 5.74555808280382
0.805648597794125 6.166044008460596
pareto front #8
0.7667852517006675 7.496829986699504
0.8382972699502386 6.781432845876316
