pareto front #1
-0.9938227703043037 2.863211042909546 -4.66351094799058 0.03744825064771362 
-3.2146278585648327 1.903636815247939 0.35480137670672107 0.9821989507792948 
0.3240928280915458 2.633414991376691 -0.3706014452911477 -2.4398977102298436 
3.0564805911549815 3.5753850684907214 0.3333750533190658 -2.0645184617275514 
3.2508787614572014 1.0892783909061965 -3.610900139945181 1.1411995170551208 
1.5917487931507033 1.125528332197944 4.984668359250074 2.018131458852162 
-0.31230151176968945 -2.797856629999238 1.2067125145663837 1.9068629559323549 
2.426671707170625 0.652997416421627 3.402703067491018 -1.8985162775674658 
0.9664436539496961 3.1580805111601116 -4.3599250982810815 0.43579904204876385 
-0.23511504798556793 -1.0689174121270173 -0.13316974918716795 3.0935307927665416 
-1.0170493919525492 1.5527947176678456 -1.93353053070755 -0.4217856866163867 
-0.08628289164824832 4.642883796776253 -3.1677375587776813 4.259493508967228 
-2.4852128417716624 0.9504860243583497 -2.0266241760769867 -2.3383733557317186 
-0.4857442939088923 1.5873468078532635 -0.749380774969886 -1.5905266837828802 
1.4677435943577084 -0.534214825391679 2.7433076965325434 -3.4504868937443147 
-3.62854047193393 -0.1136982746563211 1.9426736243952094 -3.788757403099079 
-2.428377921427214 1.1323652026721254 0.41292687634996206 0.3924144784786332 
-0.40789278890019265 -4.03477085539777 3.287932138752325 0.6055425753584345 
-4.244292619604476 0.4327025401411442 0.7657123237180574 -2.2733226737645005 
pareto front #2
-4.503605895817878 2.5142617018385574 -0.4117439807551646 2.6806351447579875 
-0.9112372502803563 3.6810974146454676 0.7025056425123779 4.96293061605061 
-2.002027948586673 -2.931391818918491 -1.635019160693675 2.7232293844923454 
4.8108465745802285 2.3906062487851942 3.7343467002891853 1.4134790488384006 
0.23901578299297643 2.875118031367599 -2.165548630772344 3.988442302103577 
-1.370076241165994 -4.160578275779744 3.850653831303461 0.805724213293896 
4.457310465981719 1.8876903356900758 -0.36189298869835085 4.049962387944836 
-3.6176892945189545 -1.4923315885149169 2.90989865196937 2.855701393790337 
0.6830344821758141 1.5948250567547593 2.11878862065533 -2.720071275484799 
-4.758368379715396 2.020224219690693 -2.7365492565746328 -1.874230685701208 
-3.946202878615419 -1.6043470343473265 -0.15810068263333754 4.143225837874587 
-0.3974982621235057 -1.3964961420733557 -0.8122190300899952 -4.67511279518253 
-1.2749154022545852 -2.559451321866945 -2.6581982694925124 -1.3847749102410303 
4.825662277222781 -3.143301221850363 1.683015880355737 1.6846849467633653 
-2.8078360532462265 -2.8512215784401063 1.4360704323505766 2.0298009614725796 
-1.323485922855868 1.388747334447535 4.7143339269091165 3.606474073881351 
0.7484630047997225 -3.1339354930371277 2.927362668430601 2.4125067837757186 
0.6774641425210035 -4.971981266899025 -1.9644792956705848 4.2789188364365796 
4.436984317626546 0.5108785577150972 -4.836485821549217 -4.875821369498873 
-0.9785774730813124 -4.316260516923024 -2.5332824378357888 1.7006711761716957 
-0.9190749572050949 4.578843166778624 4.751671036675194 -2.3613345129357866 
-2.4385091788467985 4.073376201171142 -2.650287195425005 -0.7560534940712067 
0.9175445579743338 3.344695751845725 -1.4780926514142054 3.168408440528994 
pareto front #3
-1.7943355488083466 -2.5990645640393417 2.700994011095876 2.645653139772839 
-4.036432109754134 2.214629197805147 4.864035006990568 -3.100942551077479 
-2.6863026558747984 -2.706490459010497 -2.073603965312115 -4.7419173044573 
1.9322777879938613 4.459121315616491 -2.0860704930482923 4.67720757741033 
4.003190121514136 -4.254843829946825 4.815955860971073 2.3452989358175413 
pareto front #4
-4.939221501108833 -2.8875306751853405 3.9089835487478872 3.629851066468566 
-4.513521811786618 -3.0309969596862696 -2.895737471023846 -2.9109607422612838 
2.384064907290825 2.691439956727784 -2.732633167324583 4.530289385666121 
084528377387 3.3009849028881604 
