pareto front #1
0.24037298016320016 0.7535354956281942 
0.32334409837568007 1.200900387627396 
0.20247566044200516 1.3381925071675975 
0.18006957254818273 2.3635920227829925 
0.13398440794919336 1.8588765234120523 
0.6324039201463171 0.09890991462771004 
0.3578545797897057 0.7756829515294572 
0.40312653734010473 0.17940803051172127 
0.33467917683965986 0.8907306920003227 
pareto front #2
0.39293764016788524 1.117305468108618 
0.40502424527300296 0.9356358534834447 
0.2935255667253649 1.8527316908036329 
0.1722735667084465 2.7636865334905765 
0.36066711387495 1.7771797379063288 
0.13644051508132593 1.9960873124795941 
0.25939859174080365 3.1101338704236907 
0.9444583484568201 0.6744005697024402 
0.23623991973043526 3.470745320732801 
0.2796830816081784 2.424969590955362 
0.45044676506239156 0.3663904879121316 
0.8668982066883579 1.2433395594608432 
pareto front #3
0.45953914644261973 1.0640873903203234 
0.3033174281258748 4.226194904540908 
0.4181525996336962 3.7084534998196013 
0.7661622049713912 1.723329035589739 
0.3068427920213259 2.8854235932389285 
0.6258859361312521 1.6953439685113354 
0.16248279730851548 4.296645809489173 
0.4468389207102752 2.0311156444220444 
0.14100424584621654 4.120211575337189 
pareto front #4
0.6441362280799311 2.1352059248801254 
0.1548299770839874 4.693482131775076 
0.4934072411445617 3.6501126369944132 
0.8865059636515282 2.3433863754505833 
0.5024160923817164 1.5113580153701578 
pareto front #5
0.7948856382942151 2.870275606196823 
0.507260207842018 4.642484154669606 
0.5518380166823312 2.3377992547157707 
0.5986013055400916 2.4419096239831295 
pareto front #6
0.7973131882143281 3.570323571474377 
0.5820903885351417 2.7124762851193163 
0.8278567276767844 3.2896020317410612 
pareto front #7
0.6475849875625213 3.749228097833206 
0.6163122818569177 4.049686471315955 
0.6226868072093299 3.6693690727821577 
0.7223930679915717 3.8705924110563266 
0.8981608508423802 4.160435336215393 
0.805648597794125 3.967664709353145 
pareto front #8
0.7667852517006675 4.748458668308491 
0.8382972699502386 4.6848566410489925 
