pareto front #1
0.9876836987753207 8.197977476239169 21.748334362027997 0.0014023714765739837
10.333832269061121 3.623833124367316 0.1258840169129846 0.9647147789119475
0.10503616122037628 6.934874516807498 0.13734543125188753 5.9531008363848334
9.342073604107105 12.7833783879864 0.11113892617548997 4.262236478813895
10.568212721693508 1.1865274128951926 13.03859982065613 1.3023363377268409
2.5336642204967204 1.2668140265802852 24.846918651708826 4.072854585208756
0.09753223425363348 7.828001722030693 1.4561550928111249 3.636126332707078
5.8887355743823955 0.42640562585331976 11.578388165512782 3.6043640561886265
0.93401333625964 9.97347251496931 19.008946862621297 0.18992080505062026
0.05527908578925591 1.1425844339483198 0.01773418209857322 9.569932765794787
1.03438946567105 2.4111714352171645 3.73854031317822 0.17790316543445678
0.007444737391183359 21.556369950367475 10.034561241290783 18.14328495293395
6.176282868906782 0.9034236825005414 4.107205551059725 5.467989950796018
0.23594751906504832 2.5196698884019457 0.5615715458944669 2.529775131825366
2.1542712587780852 0.28538547966826205 7.525737117854689 11.90585980390129
13.166305956462507 0.012927297659824229 3.7739808109208193 14.354682659538076
5.897019329275156 1.2822509522226835 0.17050860521213684 0.1539891229196577
0.16637652723677712 16.279375855567256 10.810497749040437 0.3666818105717253
18.014019840829025 0.18723148824459848 0.5863153626937072 5.167995979051778
pareto front #2
20.28246606484555 6.321511905332119 0.16953310568810936 7.185804779311677
0.8303533262985047 13.550478176109545 0.4935141777617289 24.630680299732486
4.008115906922163 8.593057996022258 2.6732876558354497 7.415978280562558
23.14424476415032 5.714998236730818 13.945345277960726 1.9979230215051096
0.057128544519745604 8.266303694295097 4.689600872239974 15.90767199720928
1.8771089066075388 17.310411588890346 14.827534928532023 0.6491915078880676
19.867616590150167 3.563374803457711 0.1309665352690247 16.40219534376784
13.08767583167705 2.2270535700794554 8.467510164733158 8.155030450496074
0.4665361038411825 2.543466961652821 4.489265219018517 7.3987877437175005
22.642069637075323 4.081305897824869 7.488701833659175 3.5127406632240206
15.57251715919262 2.5739294066190617 0.02499582584912732 17.166320343631572
0.15800486839120725 1.9502014748257661 0.6596997528403326 21.856679647679407
1.6254092829059708 6.5507910690064515 7.066018039932987 1.9176015520330534
23.287016413810957 9.880342571285986 2.832542453529596 2.838163369851083
7.883943301909346 8.12946448936249 2.062298286671572 4.120091943195009
1.7516149879976486 1.9286191589351336 22.22494437440633 13.006655245578349
0.5601968695538294 9.821551674517865 8.56945219252113 5.820188981763862
0.45895766440171853 24.720597718394835 3.859178903118397 18.30914640881177
19.686829834863907 0.26099690073305787 23.3915951020466 23.77363402726186
0.9576138708222066 18.630104849948612 6.417519909847237 2.8922824494612187
0.844698776961547 20.965804745955296 22.578377640777916 5.575900681981689
5.946327015320088 16.59239367626744 7.024022218233739 0.5716168858972802
0.8418880158683155 11.186989672414839 2.1847578861646757 10.038812046015373
pareto front #3
3.2196400617173504 6.755136608045014 7.295368647975788 6.99948053598988
16.292784176654212 4.904582483771068 23.65883654922973 9.615844705082903
7.216221958959996 7.325090604714849 4.299833404958127 22.485779722311587
3.7336974499744495 19.883762907385343 4.351690101966745 21.87627072218461
16.02553114898836 18.10369601723657 23.193430854821628 5.500427098346892
pareto front #4
24.395909037015798 8.337833400136308 15.280152384381626 13.175818764742987
20.371879145473557 9.18694256962741 8.38529550109158 8.473692442986364
5.683765482175611 7.243849040670856 7.467284027162382 20.52352191787912
 10.896501329095557
