./data/serija.txt tdnn-8x10x1 150 0 10000
trainingDataSize = 1000
crProbability = 0.95 (exponential crossover)
linearCombinations = 1
f = 0.95
randomBaseSelect
-------------------
-0.9901122602504123
-0.488707143498061
-0.6390496001050712
-2.5508928695869195
-2.6034913648993343
1.3872367185716556
8.696351340995673
-2.354185678526537
2.5091817786885513
-1.06633434913625
-1.2037645102122647
3.507405970447065
2.414207448058664
-8.703414808835376
-1.7551002636958604
14.521186924432895
-8.95780924111753
4.108032275178103
7.57847353828227
6.479671338888677
4.6028906015185855
15.57271306067186
-8.01418717972986
3.545303937248508
6.542210855215236
-10.652685050000935
3.9157080652770477
-5.673592882519898
7.349288724110223
1.4161053273774673
4.948006360363197
2.2888903331954955
10.44846272814718
-7.867771316984298
-2.185549368753742
-1.171768938930839
1.1346575562760195
-0.7396667605227575
0.6158790795901918
4.280389203062101
3.0749147876902327
-0.5706005164825824
-1.706887631917125
-16.393781956368745
-7.6866509905020886
-18.42040405888821
0.7667289566554343
-1.7407713435301204
-2.509545071872356
-1.276601347547786
-6.187150433883148
16.825730169601485
1.9121433559375547
4.601772914400684
-1.5863014142593606
0.9182199833762648
0.3978673164452957
-0.7644281121574903
0.7279673925521053
0.07675861884033841
-0.23289627429141035
-2.697340120734232
0.347623660167766
-0.9817846335337169
-0.07070521460211107
2.7913052207751257
-3.531672110665932
-1.2836387456985388
6.430971000427579
-2.409176926539392
1.231204965315035
-0.5229399008854988
0.4449304614743519
-0.28384192844699196
0.09829497580582158
-0.24486009341897486
0.21833739050057366
-0.050810523089100945
-0.6690289836706236
0.6524646398678751
0.5062734424558586
0.6910138953411238
-0.9342591419155466
-0.604759587840036
0.017014322080170174
0.5310977692683816
-0.7044475765753644
0.9332360666786927
0.3927356524762191
0.1636511393211828
-0.3644392227770614
-0.18858342468052386
-0.2115873974413624
-0.775724162016515
-0.6987245885293456
-0.1924718200689945
-0.48842536532989833
-0.25857749734044994
2.245864350009456
-1.7957213680331503
-2.177882956783271