-0.33596837944664026
0.09881422924901195
-0.2648221343873518
-0.691699604743083
-0.841897233201581
-0.849802371541502
-0.7628458498023716
-0.44664031620553357
0.07509881422924902
-0.13833992094861658
-0.6363636363636364
-0.83399209486166
-0.8656126482213439
-0.8023715415019763
-0.5494071146245059
0.0039525691699604515
0.0039525691699604515
-0.5573122529644269
-0.8023715415019763
-0.8656126482213439
-0.8260869565217391
-0.6521739130434783
-0.13043478260869568
0.12252964426877466
-0.43873517786561267
-0.7786561264822134
-0.8577075098814229
-0.8656126482213439
-0.7233201581027668
-0.2885375494071146
0.18577075098814233
-0.2806324110671937
-0.7312252964426877
-0.8577075098814229
-0.8735177865612649
-0.7865612648221344
-0.4545454545454546
0.1383399209486167
-0.09090909090909094
-0.6521739130434783
-0.83399209486166
-0.8735177865612649
-0.841897233201581
-0.6047430830039526
-0.0039525691699604515
0.10671936758893286
-0.5256916996047432
-0.8102766798418972
-0.8814229249011858
-0.8656126482213439
-0.7233201581027668
-0.22529644268774707
0.23320158102766797
-0.33596837944664026
-0.7628458498023716
-0.8814229249011858
-0.8814229249011858
-0.8023715415019763
-0.44664031620553357
0.20158102766798414
-0.08300395256916993
-0.6758893280632411
-0.8577075098814229
-0.8972332015810277
-0.849802371541502
-0.6442687747035574
-0.0039525691699604515
0.1699604743083003
-0.5177865612648221
-0.8260869565217391
-0.8893280632411067
-0.8814229249011858
-0.7549407114624506
-0.2885375494071146
0.29644268774703564
-0.2648221343873518
-0.7549407114624506
-0.8893280632411067
-0.9051383399209486
-0.841897233201581
-0.5573122529644269
0.1620553359683794
0.06719367588932812
-0.6205533596837944
-0.8577075098814229
-0.8972332015810277
-0.8893280632411067
-0.7391304347826086
-0.17786561264822132
0.32015810276679835
-0.3675889328063241
-0.7944664031620553
-0.8972332015810277
-0.9051383399209486
-0.83399209486166
-0.5019762845849802
0.24901185770750978
0.035573122529644285
-0.6600790513833992
-0.8735177865612649
-0.9051383399209486
-0.8893280632411067
-0.7312252964426877
-0.13833992094861658
0.3754940711462451
-0.383399209486166
-0.8102766798418972
-0.9051383399209486
-0.9130434782608696
-0.8577075098814229
-0.541501976284585
0.2727272727272727
0.09090909090909083
-0.6600790513833992
-0.8735177865612649
-0.9209486166007905
-0.9051383399209486
-0.7786561264822134
-0.24110671936758898
0.4466403162055337
-0.2806324110671937
-0.7944664031620553
-0.9051383399209486
-0.9209486166007905
-0.8814229249011858
-0.6521739130434783
0.13043478260869557
0.30434782608695654
-0.5573122529644269
-0.8656126482213439
-0.9288537549407114
-0.9209486166007905
-0.849802371541502
-0.4782608695652174
0.43083003952569165
0.027667984189723382
-0.7154150197628458
-0.8972332015810277
-0.9288537549407114
-0.9130434782608696
-0.8102766798418972
-0.2806324110671937
0.5810276679841897
-0.22529644268774707
-0.8023715415019763
-0.9209486166007905
-0.9367588932806324
-0.9130434782608696
-0.7786561264822134
-0.11462450592885376
0.6126482213438735
-0.3675889328063241
-0.849802371541502
-0.9288537549407114
-0.9446640316205533
-0.9367588932806324
-0.7786561264822134
-0.06719367588932801
0.6837944664031621
-0.40711462450592883
-0.8577075098814229
-0.9367588932806324
-0.9525691699604744
-0.9446640316205533
-0.849802371541502
-0.2648221343873518
0.8339920948616601
-0.23320158102766797
-0.841897233201581
-0.9446640316205533
-0.9525691699604744
-0.9604743083003953
-0.9446640316205533
-0.7391304347826086
0.3754940711462451
0.6837944664031621
-0.6521739130434783
-0.9288537549407114
-0.9604743083003953
-0.9762845849802372
-0.9841897233201581
-0.9920948616600791
-0.9841897233201581
-0.8656126482213439
-0.18577075098814233
-0.02766798418972327
-0.5810276679841897
-0.7786561264822134
-0.7944664031620553
-0.691699604743083
-0.4545454545454546
-0.24110671936758898
-0.3913043478260869
-0.6284584980237153
-0.7470355731225297
-0.7549407114624506
-0.6442687747035574
-0.42292490118577075
-0.2648221343873518
-0.41501976284584985
-0.6363636363636364
-0.7470355731225297
-0.7391304347826086
-0.6284584980237153
-0.39920948616600793
-0.2569169960474308
-0.42292490118577075
-0.6442687747035574
-0.7470355731225297
-0.7470355731225297
-0.6284584980237153
-0.3754940711462451
-0.23320158102766797
-0.41501976284584985
-0.6521739130434783
-0.7628458498023716
-0.7549407114624506
-0.6284584980237153
-0.3596837944664032
-0.21739130434782605
-0.43083003952569165
-0.6679841897233201
-0.7628458498023716
-0.7549407114624506
-0.6205533596837944
-0.3438735177865613
-0.20158102766798414
-0.43873517786561267
-0.6758893280632411
-0.7786561264822134
-0.7707509881422925
-0.6284584980237153
-0.3438735177865613
-0.17786561264822132
-0.43083003952569165
-0.6758893280632411
-0.7707509881422925
-0.7707509881422925
-0.6284584980237153
-0.32806324110671936
-0.1541501976284585
-0.41501976284584985
-0.691699604743083
-0.7865612648221344
-0.7786561264822134
-0.6442687747035574
-0.32806324110671936
-0.1462450592885376
-0.41501976284584985
-0.691699604743083
-0.7944664031620553
-0.7786561264822134
-0.6442687747035574
-0.32015810276679846
-0.11462450592885376
-0.3913043478260869
-0.691699604743083
-0.7944664031620553
-0.7944664031620553
-0.6600790513833992
-0.33596837944664026
-0.09090909090909094
-0.3675889328063241
-0.6837944664031621
-0.8102766798418972
-0.8102766798418972
-0.6758893280632411
-0.3517786561264822
-0.07509881422924902
-0.3438735177865613
-0.6837944664031621
-0.8102766798418972
-0.8181818181818181
-0.7075098814229249
-0.383399209486166
-0.059288537549407105
-0.30434782608695654
-0.6758893280632411
-0.8102766798418972
-0.8260869565217391
-0.7312252964426877
-0.41501976284584985
-0.04347826086956519
-0.2569169960474308
-0.6521739130434783
-0.8102766798418972
-0.83399209486166
-0.7391304347826086
-0.44664031620553357
-0.04347826086956519
-0.20948616600790515
-0.6205533596837944
-0.8023715415019763
-0.841897233201581
-0.7707509881422925
-0.5098814229249011
-0.059288537549407105
-0.1462450592885376
-0.5968379446640316
-0.8023715415019763
-0.849802371541502
-0.7944664031620553
-0.5652173913043479
-0.09090909090909094
-0.06719367588932801
-0.5494071146245059
-0.7944664031620553
-0.8577075098814229
-0.8181818181818181
-0.6284584980237153
-0.1541501976284585
-0.0039525691699604515
-0.4782608695652174
-0.7707509881422925
-0.8577075098814229
-0.83399209486166
-0.6758893280632411
-0.24110671936758898
0.05138339920948609
-0.40711462450592883
-0.7470355731225297
-0.841897233201581
-0.841897233201581
-0.7312252964426877
-0.33596837944664026
0.08300395256916993
-0.2964426877470355
-0.7154150197628458
-0.849802371541502
-0.8656126482213439
-0.7786561264822134
-0.43873517786561267
0.06719367588932812
-0.1699604743083004
-0.6679841897233201
-0.83399209486166
-0.8656126482213439
-0.8102766798418972
-0.5494071146245059
0.0039525691699604515
-0.02766798418972327
-0.5810276679841897
-0.8260869565217391
-0.8735177865612649
-0.841897233201581
-0.6442687747035574
-0.11462450592885376
0.09090909090909083
-0.4782608695652174
-0.7944664031620553
-0.8735177865612649
-0.8656126482213439
-0.7312252964426877
-0.2806324110671937
0.1699604743083003
-0.32015810276679846
-0.7470355731225297
-0.8656126482213439
-0.8735177865612649
-0.7944664031620553
-0.44664031620553357
0.1462450592885376
-0.13043478260869568
-0.6758893280632411
-0.8577075098814229
-0.8893280632411067
-0.83399209486166
-0.5968379446640316
0.01976284584980248
0.06719367588932812
-0.5573122529644269
-0.8260869565217391
-0.8893280632411067
-0.8656126482213439
-0.7154150197628458
-0.19367588932806323
0.21739130434782616
-0.383399209486166
-0.7786561264822134
-0.8814229249011858
-0.8893280632411067
-0.7944664031620553
-0.42292490118577075
0.21739130434782616
-0.13043478260869568
-0.6996047430830039
-0.8735177865612649
-0.8972332015810277
-0.849802371541502
-0.6126482213438735
0.027667984189723382
0.13043478260869557
-0.5494071146245059
-0.841897233201581
-0.8972332015810277
-0.8814229249011858
-0.7628458498023716
-0.2569169960474308
0.2806324110671936
-0.31225296442687744
-0.7786561264822134
-0.8893280632411067
-0.9051383399209486
-0.8260869565217391
-0.5256916996047432
0.19367588932806323
0.011857707509881354
-0.6521739130434783
-0.8656126482213439
-0.9130434782608696
-0.8814229249011858
-0.7233201581027668
-0.12252964426877466
0.28853754940711474
-0.42292490118577075
-0.8181818181818181
-0.9051383399209486
-0.9130434782608696
-0.8260869565217391
-0.4782608695652174
0.2806324110671936
-0.04347826086956519
-0.6996047430830039
-0.8814229249011858
-0.9130434782608696
-0.8893280632411067
-0.7154150197628458
-0.08300395256916993
0.32806324110671947
-0.4545454545454546
-0.8260869565217391
-0.9130434782608696
-0.9209486166007905
-0.841897233201581
-0.5019762845849802
0.30434782608695654
0.0039525691699604515
-0.6996047430830039
-0.8893280632411067
-0.9209486166007905
-0.9051383399209486
-0.7549407114624506
-0.1699604743083004
0.42292490118577075
-0.3754940711462451
-0.8260869565217391
-0.9209486166007905
-0.9288537549407114
-0.8814229249011858
-0.6126482213438735
0.21739130434782616
0.20948616600790504
-0.6284584980237153
-0.8814229249011858
-0.9288537549407114
-0.9288537549407114
-0.83399209486166
-0.40711462450592883
0.4782608695652173
-0.10671936758893286
-0.7628458498023716
-0.9130434782608696
-0.9446640316205533
-0.9209486166007905
-0.7786561264822134
-0.1699604743083004
0.541501976284585
-0.3675889328063241
-0.83399209486166
-0.9367588932806324
-0.9446640316205533
-0.9209486166007905
-0.7312252964426877
0.04347826086956519
0.5019762845849802
-0.5098814229249011
-0.8735177865612649
-0.9367588932806324
-0.9525691699604744
-0.9130434782608696
-0.7233201581027668
0.1541501976284585
0.5256916996047432
-0.5573122529644269
-0.8893280632411067
-0.9446640316205533
-0.9525691699604744
-0.9367588932806324
-0.7865612648221344
0.027667984189723382
0.7233201581027668
-0.4861660079051383
-0.8972332015810277
-0.9525691699604744
-0.9683794466403162
-0.9604743083003953
-0.9051383399209486
-0.4940711462450593
0.8577075098814229
0.06719367588932812
-0.8181818181818181
-0.9446640316205533
-0.9683794466403162
-0.9762845849802372
-0.9841897233201581
-0.9762845849802372
-0.8181818181818181
0.28853754940711474
0.826086956521739
-0.6126482213438735
-0.9209486166007905
-0.9604743083003953
-0.9604743083003953
-0.9604743083003953
-0.8735177865612649
-0.383399209486166
0.5731225296442688
-0.1541501976284585
-0.7865612648221344
-0.9209486166007905
-0.9367588932806324
-0.9051383399209486
-0.7154150197628458
-0.0039525691699604515
0.32015810276679835
-0.5177865612648221
-0.8577075098814229
-0.9288537549407114
-0.9288537549407114
-0.83399209486166
-0.43083003952569165
0.3517786561264822
-0.11462450592885376
-0.7470355731225297
-0.9051383399209486
-0.9288537549407114
-0.9051383399209486
-0.7233201581027668
-0.0513833992094862
0.3438735177865613
-0.4861660079051383
-0.849802371541502
-0.9288537549407114
-0.9288537549407114
-0.8577075098814229
-0.5098814229249011
0.32015810276679835
0.01976284584980248
-0.7075098814229249
-0.9130434782608696
-0.9446640316205533
-0.9209486166007905
-0.7944664031620553
-0.22529644268774707
0.4703557312252964
-0.32015810276679846
-0.8181818181818181
-0.9288537549407114
-0.9367588932806324
-0.9051383399209486
-0.691699604743083
0.09881422924901195
0.3754940711462451
-0.5652173913043479
-0.8814229249011858
-0.9367588932806324
-0.9367588932806324
-0.8893280632411067
-0.5731225296442688
0.3675889328063242
0.1620553359683794
-0.691699604743083
-0.9051383399209486
-0.9525691699604744
-0.9446640316205533
-0.8735177865612649
-0.4861660079051383
0.5335968379446641
0.011857707509881354
-0.7628458498023716
-0.9288537549407114
-0.9525691699604744
-0.9604743083003953
-0.8814229249011858
-0.4940711462450593
0.6205533596837944
0.01976284584980248
-0.7786561264822134
-0.9367588932806324
-0.9604743083003953
-0.9683794466403162
-0.9209486166007905
-0.6363636363636364
0.5098814229249011
0.3438735177865613
-0.7075098814229249
-0.9288537549407114
-0.9604743083003953
-0.9683794466403162
-0.9683794466403162
-0.8893280632411067
-0.33596837944664026
1.0
-0.1699604743083004
-0.8656126482213439
-0.9525691699604744
-0.9762845849802372
-0.9841897233201581
-0.9920948616600791
-1.0
-1.0
-0.9604743083003953
-0.83399209486166
-0.9525691699604744
-0.9683794466403162
-0.9525691699604744
-0.8893280632411067
-0.7549407114624506
-0.5652173913043479
-0.5019762845849802
-0.5731225296442688
-0.6521739130434783
-0.6521739130434783
-0.5889328063241106
-0.5098814229249011
-0.4940711462450593
-0.5494071146245059
-0.6284584980237153
-0.6521739130434783
-0.6363636363636364
-0.5573122529644269
-0.4861660079051383
-0.4861660079051383
-0.541501976284585
-0.6205533596837944
-0.6442687747035574
-0.6126482213438735
-0.541501976284585
-0.4703557312252964
-0.4782608695652174
-0.5573122529644269
-0.6205533596837944
-0.6521739130434783
-0.6047430830039526
-0.5335968379446641
-0.4545454545454546
-0.4782608695652174
-0.5573122529644269
-0.6363636363636364
-0.6521739130434783
-0.5968379446640316
-0.5098814229249011
-0.44664031620553357
-0.4782608695652174
-0.5731225296442688
-0.6442687747035574
-0.6600790513833992
-0.5968379446640316
-0.5019762845849802
-0.43873517786561267
-0.4861660079051383
-0.5889328063241106
-0.6521739130434783
-0.6521739130434783
-0.5810276679841897
-0.4861660079051383
-0.43083003952569165
-0.4940711462450593
-0.5889328063241106
-0.6679841897233201
-0.6521739130434783
-0.5810276679841897
-0.4624505928853755
-0.41501976284584985
-0.4940711462450593
-0.6126482213438735
-0.6600790513833992
-0.6521739130434783
-0.5573122529644269
-0.43873517786561267
-0.40711462450592883
-0.5019762845849802
-0.6047430830039526
-0.6679841897233201
-0.6521739130434783
-0.5494071146245059
-0.42292490118577075
-0.39920948616600793
-0.5098814229249011
-0.6284584980237153
-0.6758893280632411
-0.6442687747035574
-0.5335968379446641
-0.39920948616600793
-0.3913043478260869
-0.5177865612648221
-0.6442687747035574
-0.6758893280632411
-0.6442687747035574
-0.5177865612648221
-0.383399209486166
-0.3913043478260869
-0.5335968379446641
-0.6521739130434783
-0.6837944664031621
-0.6363636363636364
-0.4940711462450593
-0.3517786561264822
-0.383399209486166
-0.541501976284585
-0.6521739130434783
-0.6837944664031621
-0.6205533596837944
-0.4782608695652174
-0.33596837944664026
-0.383399209486166
-0.5494071146245059
-0.6758893280632411
-0.691699604743083
-0.6205533596837944
-0.4545454545454546
-0.32015810276679846
-0.3913043478260869
-0.5731225296442688
-0.691699604743083
-0.691699604743083
-0.6126482213438735
-0.43873517786561267
-0.2964426877470355
-0.39920948616600793
-0.5810276679841897
-0.691699604743083
-0.6996047430830039
-0.6047430830039526
-0.42292490118577075
-0.2727272727272727
-0.39920948616600793
-0.5889328063241106
-0.7075098814229249
-0.6996047430830039
-0.6047430830039526
-0.3913043478260869
-0.2648221343873518
-0.41501976284584985
-0.6205533596837944
-0.7233201581027668
-0.7154150197628458
-0.6047430830039526
-0.383399209486166
-0.2490118577075099
-0.41501976284584985
-0.6205533596837944
-0.7312252964426877
-0.7233201581027668
-0.5889328063241106
-0.3596837944664032
-0.24110671936758898
-0.43083003952569165
-0.6442687747035574
-0.7470355731225297
-0.7233201581027668
-0.5968379446640316
-0.3438735177865613
-0.22529644268774707
-0.43083003952569165
-0.6600790513833992
-0.7470355731225297
-0.7391304347826086
-0.5889328063241106
-0.32806324110671936
-0.20158102766798414
-0.44664031620553357
-0.6758893280632411
-0.7549407114624506
-0.7391304347826086
-0.5968379446640316
-0.32015810276679846
-0.20158102766798414
-0.43873517786561267
-0.6758893280632411
-0.7628458498023716
-0.7549407114624506
-0.5968379446640316
-0.2964426877470355
-0.18577075098814233
-0.44664031620553357
-0.691699604743083
-0.7707509881422925
-0.7549407114624506
-0.5889328063241106
-0.2964426877470355
-0.1620553359683794
-0.44664031620553357
-0.691699604743083
-0.7786561264822134
-0.7628458498023716
-0.6126482213438735
-0.2806324110671937
-0.13833992094861658
-0.43083003952569165
-0.691699604743083
-0.7865612648221344
-0.7707509881422925
-0.6126482213438735
-0.2806324110671937
-0.12252964426877466
-0.42292490118577075
-0.6996047430830039
-0.7865612648221344
-0.7786561264822134
-0.6284584980237153
-0.2885375494071146
-0.08300395256916993
-0.39920948616600793
-0.691699604743083
-0.7944664031620553
-0.7865612648221344
-0.6521739130434783
-0.30434782608695654
-0.06719367588932801
-0.3675889328063241
-0.6837944664031621
-0.7865612648221344
-0.7944664031620553
-0.6600790513833992
-0.32015810276679846
-0.035573122529644285
-0.33596837944664026
-0.6758893280632411
-0.8023715415019763
-0.8023715415019763
-0.691699604743083
-0.3596837944664032
-0.01976284584980237
-0.2964426877470355
-0.6600790513833992
-0.8023715415019763
-0.8102766798418972
-0.7154150197628458
-0.39920948616600793
-0.011857707509881465
-0.23320158102766797
-0.6442687747035574
-0.8023715415019763
-0.8260869565217391
-0.7391304347826086
-0.44664031620553357
-0.01976284584980237
-0.17786561264822132
-0.6047430830039526
-0.7944664031620553
-0.83399209486166
-0.7628458498023716
-0.5019762845849802
-0.04347826086956519
-0.09881422924901184
-0.5731225296442688
-0.7865612648221344
-0.841897233201581
-0.7944664031620553
-0.5731225296442688
-0.09090909090909094
-0.01976284584980237
-0.5098814229249011
-0.7786561264822134
-0.841897233201581
-0.8023715415019763
-0.6284584980237153
-0.1699604743083004
0.035573122529644285
-0.43083003952569165
-0.7628458498023716
-0.849802371541502
-0.83399209486166
-0.691699604743083
-0.2648221343873518
0.09090909090909083
-0.3517786561264822
-0.7312252964426877
-0.849802371541502
-0.849802371541502
-0.7391304347826086
-0.383399209486166
0.09881422924901195
-0.23320158102766797
-0.6837944664031621
-0.841897233201581
-0.8577075098814229
-0.7865612648221344
-0.4861660079051383
0.05138339920948609
-0.09090909090909094
-0.6284584980237153
-0.8260869565217391
-0.8735177865612649
-0.8181818181818181
-0.6047430830039526
-0.0513833992094862
0.04347826086956519
-0.5256916996047432
-0.8102766798418972
-0.8735177865612649
-0.8577075098814229
-0.691699604743083
-0.19367588932806323
0.1541501976284585
-0.3913043478260869
-0.7628458498023716
-0.8735177865612649
-0.8656126482213439
-0.7628458498023716
-0.3675889328063241
0.17786561264822143
-0.22529644268774707
-0.7075098814229249
-0.8656126482213439
-0.8814229249011858
-0.8181818181818181
-0.5256916996047432
0.09090909090909083
-0.0039525691699604515
-0.6047430830039526
-0.841897233201581
-0.8814229249011858
-0.849802371541502
-0.6679841897233201
-0.09881422924901184
0.1699604743083003
-0.4545454545454546
-0.8023715415019763
-0.8735177865612649
-0.8735177865612649
-0.7628458498023716
-0.32015810276679846
0.24110671936758887
-0.24110671936758898
-0.7312252964426877
-0.8656126482213439
-0.8893280632411067
-0.8181818181818181
-0.5335968379446641
0.1383399209486167
0.027667984189723382
-0.6047430830039526
-0.849802371541502
-0.8814229249011858
-0.8656126482213439
-0.691699604743083
-0.12252964426877466
0.2569169960474309
-0.41501976284584985
-0.7944664031620553
-0.8893280632411067
-0.8893280632411067
-0.7944664031620553
-0.40711462450592883
0.2727272727272727
-0.11462450592885376
-0.7075098814229249
-0.8656126482213439
-0.8972332015810277
-0.8577075098814229
-0.6442687747035574
0.027667984189723382
0.21739130434782616
-0.5256916996047432
-0.8260869565217391
-0.8972332015810277
-0.8893280632411067
-0.7786561264822134
-0.33596837944664026
0.3517786561264822
-0.20948616600790515
-0.7470355731225297
-0.8893280632411067
-0.9130434782608696
-0.8656126482213439
-0.6205533596837944
0.09881422924901195
0.20158102766798414
-0.5652173913043479
-0.849802371541502
-0.9130434782608696
-0.9051383399209486
-0.8023715415019763
-0.32806324110671936
0.3992094861660078
-0.20158102766798414
-0.7549407114624506
-0.8972332015810277
-0.9209486166007905
-0.8735177865612649
-0.6600790513833992
0.059288537549407216
0.29644268774703564
-0.5335968379446641
-0.8577075098814229
-0.9209486166007905
-0.9130434782608696
-0.83399209486166
