pareto front #1
2.357686267392995E-12 0.08430252224440354 1.0290722768561875E-4 1.8462056062855186
0.0034780070657666486 1.7478598776889915 9.334756818004896 1.0568173032644308E-26
2.4159455039153333E-4 4.4139980182855407E-23 1.526501523407582E-4 2.2359250049720532E-8
7.941317188908903E-6 2.3785739196431943E-5 8.02210455566096E-24 2.7001897674450447E-4
9.088955302854913E-5 25.0 21.354698283227904 5.9861930388414804E-5
2.1976735917600036E-4 8.520168154645667 25.0 3.257449737876983E-5
1.3639563758110204E-7 0.01780838235964736 0.5561912910455432 25.0
25.0 0.8155658242697613 0.0013433619806184657 4.5252503508330705E-9
2.4772654057935095E-6 0.026414761355524903 3.2044279356919947E-7 15.487158902094517
15.94663522704511 1.2698998884702415 10.695591776403397 1.1932793176413892E-21
1.1325617792132767E-7 0.6508762837626361 2.3670901808767346E-8 8.86913997646689
12.743946441305624 9.619929542840083 6.937023481255259 1.2795373139475086E-21
0.0011810119582380241 1.0602309768425858E-5 1.8160113477178603E-8 21.106929549567845
23.060624994798943 3.317716827560204 8.53186558972147 1.8455494156447213E-21
19.587470595493734 0.01175362774227487 15.97847615733373 1.0493773052817721E-13
14.56967531515401 0.16460136589117239 13.121676038849426 3.306978605453697E-17
2.1567059631613566E-6 0.008560943145865467 3.2707662860095465E-6 7.164751030187692
8.874850427574417 17.188514265132834 1.1844484487679467 9.849479035287943E-20
23.78563073723228 0.15159467901773374 18.90366586672602 1.2022734055695707E-21
4.955927057829251E-7 23.759613196816378 25.0 0.10084470523932064
0.6631750962111942 2.3882863886077194E-7 3.88053003664686E-5 2.874804204511189
0.27226080166471234 4.549484819972469 3.317592780108926 1.8246114740552846E-15
2.8221379504196586 13.42727000684547 1.2412461452724236E-9 7.474571781807658E-5
9.718261392429328 20.528248405668528 1.835164008410921 1.4382830299598468E-21
21.579466010099168 14.663358594096016 4.319126862478113E-11 2.780059011962401E-7
19.12977046536464 1.010063671382997 22.488417362800252 1.0168557329583309E-21
4.6683183306455485 11.570454851273551 1.5476271997713054 1.1544670124801287E-18
5.494218499660248 7.523082315073122 0.015867480212377754 1.1098088215835019E-9
3.743200415276508 17.478470078409075 4.8047845406911875 9.712440389057168E-22
1.9928513160348392E-4 18.182355059419606 14.985249999380155 8.755118671060649E-8
1.5121201351771112 0.1298676509616259 20.583716013179767 6.059197647047451E-9
4.286266192971687E-4 1.4790359272921827E-12 4.6109025973590874E-5 22.75099402081126
24.17684327598821 2.2673180000261848 3.3002974236116662 1.1444986926524247E-23
10.67864241298229 1.5555861625450642 22.164079881195846 5.02837545491252E-22
7.514090172779481 0.4929429773044909 0.536780468247749 1.4607162442224569E-9
0.008214842613037752 22.579280864002737 1.884648363876999 2.7695608820875422E-11
11.897320170205354 0.05938902775659922 2.0224038073310817 4.2889750869992944E-13
1.4058388074142423 10.540562338984417 0.6585166807166525 1.4488404716419065E-9
5.823129941371073 4.199747623219394 4.241959040008399E-5 1.302633818045614E-8
0.0040974800865442446 24.85546012023798 4.883241981456574 1.821646687617565E-8
0.0032268632656630527 14.754574577073068 0.10308740197722338 2.0287696750133118E-8
5.356348860020287 0.06388383556709608 13.72567931782536 7.907427258920094E-21
4.763132384186136 9.262039311647916 9.265145694961511 7.428970969767542E-22
0.5872820149471095 0.021598471116115778 22.6517132855491 1.0935339559982617E-8
2.3589535244074573E-6 0.40332122956642413 1.7054426711999364E-7 25.0
0.005940509159172742 19.49584775396263 1.9175352058075098E-5 1.2822795807906052E-9
0.5737620354622902 24.02865517148244 3.723153839419143E-4 1.982395159210053E-18
3.16457371154385E-7 0.006630215719311108 4.00921678328732E-4 2.362205341179602
24.793815068528566 0.29826522044658327 0.08326953346274339 1.159582337792269E-9
0.5925657470336677 0.2647834907909991 0.05159851105509768 4.078636128812524E-9
6.517597652313071E-5 1.4233330847888092E-11 0.031566842468677005 25.0
3.3456358020962465E-6 3.4564021649431914E-4 0.018389130013559456 25.0
pareto front #2
4.422010692622156E-6 25.0 25.0 0.6114630523266348
0.001716653060703703 5.872562762555739 13.44297641990452 7.166642835176039E-8
7.941317188908903E-6 2.3785739196431943E-5 0.033180707685229655 2.7001897674450447E-4
1.9672287587771298E-6 25.0 2.8789313425341527 3.2066768400654992
4.367525291680577E-4 1.0607790947581456E-4 0.0011925964304542163 7.646143781414385E-4
9.683242000791049E-4 5.33859090415387 25.0 9.841065501091499E-5
6.1974203214862715 1.0045710701043635 22.422824078602748 1.038861480057146E-8
0.018688466009682506 1.8183263944041408 25.0 1.3987438270573061E-4
0.012854235492699928 1.6700096751990797E-5 0.001272145442848203 25.0
1.4970833153231023E-4 0.6953864156704722 0.002550133484765836 5.314250195038207E-4
0.056251319468726045 1.830278256804593 13.953618671302529 2.6191255907150977E-6
0.04048282408768217 5.192639037612263E-15 0.1307495776326394 25.0
0.08207004406240424 0.01383880097738533 1.5509746619751767E-4 25.0
4.422010692622156E-6 25.0 25.0 0.6114630523266348
0.003977847973257114 2.952820021865989 17.942837059229436 4.7228866491368785E-8
0.001387965359634358 0.009353434757807191 2.554015142186785E-4 5.823678393887753
4.422010692622156E-6 25.0 25.0 0.6114630523266348
25.0 0.29826522044658327 0.08326953346274339 1.159582337792269E-9
5.214560659835128E-7 25.0 25.0 1.6608666135559857
pareto front #3
0.3239694364930773 0.04580269412774567 8.164369625364889E-4 7.04324976084207
0.0025810535812214883 25.0 25.0 6.207638201631209E-5
2.821092070366935E-5 25.0 16.03431510871153 3.144126323113863
1.2336724830446516E-4 25.0 0.03826139438706581 25.0
0.0017763961912897533 10.761234881245876 25.0 2.3808659698782483E-4
7.125808827542952E-5 0.2212224386881122 0.03901240263006806 1.3447769140362154
0.0034780070657666486 1.7478598776889915 9.334756818004896 0.0020095117150968254
0.015085874704625942 25.0 0.024535993881831843 25.0
1.30835007162532E-4 0.16126134884361804 0.1461533944591894 6.052048915825043
25.0 0.4357860654155849 0.3125642293653025 1.4160839701599208E-5
3.130629606948211E-4 4.59847669732424 25.0 3.7675458132021867E-4
25.0 0.4281229913960533 0.12174363134523739 0.08332799718443419
0.009039144654445391 8.913414995600334 4.498675264671762 0.006972868066251754
pareto front #4
1.1934891214370334E-4 25.0 25.0 24.570205961341312
25.0 2.461584264943379 0.2760030146943139 0.09106085364438271
0.0132011727009071 25.0 25.0 0.6743925728344148
2.949564485142546E-4 25.0 25.0 4.29141752490976
0.0136663653702837 25.0 25.0 0.1803556178059446
25.0 0.06260155416339988 0.5462034184348106 25.0
5.078700180654181E-4 2.7925847759295026 0.43669666366400556 5.91775343782281
2.8395253128750604E-4 22.779142251605958 25.0 25.0
5.1005215250291594E-5 25.0 25.0 25.0
1.1330947961076876 0.2305691476272415 0.0013068660455580168 25.0
0.03479290444515149 25.0 25.0 0.00387980979101647
pareto front #5
0.03897066898875297 25.0 18.574970303526804 25.0
0.011776228908306053 25.0 25.0 5.029644001683913
25.0 25.0 6.072433919794826 3.8235517067504774
0.12621273572661626 4.100428558024385 0.7937311981369658 5.9299726321083295
pareto front #6
0.5352750058819001 4.873600106220428 12.739002345256386 12.185834614878129
