pareto front #1
0.1 0.0 
1.0 0.0 
0.1 0.0 
1.0 0.0 
0.31967813635039555 0.0 
0.8091249561384348 0.0 
0.34868715105671333 0.0 
0.10629831634002095 0.0 
0.13916146534496895 0.0 
0.604066666900354 0.0 
0.12296823898654885 0.0 
0.18690845915964194 0.0 
0.19733641309943367 0.0 
0.11984176083572085 0.0 
0.7506625014157199 0.0 
0.20885202935420988 0.0 
0.5305064694171896 0.0 
0.16493310233713993 0.0 
0.37020183596900913 0.0 
0.9393846395499656 0.0 
0.9688194934968404 0.0 
0.10877033082574872 0.0 
0.2517079814414238 0.0 
0.29621532078983875 0.0 
0.2375585658612384 0.0 
0.4669940589905788 0.0 
0.2630435416949082 0.0 
0.9085620479190852 0.0 
0.5005708111649265 0.0 
0.17673992727747223 0.0 
0.21900885757811278 0.0 
0.14615717222620409 0.0 
0.2772099758100419 0.0 
0.15650923207547823 0.0 
0.5529096640704221 0.0 
0.1309385444032608 0.0 
0.4436497942184633 0.0 
0.22863687829988155 0.0 
0.13107652837245853 0.0 
0.1134948235901258 0.0 
0.41251766227368786 0.0 
0.1719912016538787 0.0 
0.8517301889700845 0.0 
0.8342381369165589 0.0 
0.4290391086778691 0.0 
0.48619457836554664 0.0 
0.671625392570694 0.0 
0.6408057275329925 0.0 
0.3874960225475592 0.0 
0.11347375603215892 0.0 
