pareto front #1
0.1 10.0
1.0 1.0
0.1 10.0
1.0 1.0
0.31967813635039555 3.1281463643916876
0.8091249561384348 1.2359030486125655
0.34868715105671333 2.8679003426695004
0.10629831634002095 9.40748672633024
0.13916146534496895 7.185897313750531
0.604066666900354 1.65544641807716
0.12296823898654885 8.132181189562186
0.18690845915964194 5.350212636154053
0.19733641309943367 5.067488479666046
0.11984176083572085 8.34433667384778
0.7506625014157199 1.3321565924953482
0.20885202935420988 4.788078924069324
0.5305064694171896 1.8849911502466548
0.16493310233713993 6.0630642716942225
0.37020183596900913 2.7012291751133115
0.9393846395499656 1.064526667669458
0.9688194934968404 1.0321840205657065
0.10877033082574872 9.193683538592992
0.2517079814414238 3.97285773090479
0.29621532078983875 3.375922613771514
0.2375585658612384 4.209488285024062
0.4669940589905788 2.1413548646882767
0.2630435416949082 3.801651975777656
0.9085620479190852 1.1006402945075007
0.5005708111649265 1.997719358971019
0.17673992727747223 5.658031070874288
0.21900885757811278 4.5660253701991715
0.14615717222620409 6.841949558604781
0.2772099758100419 3.6073737861629116
0.15650923207547823 6.389399441419146
0.5529096640704221 1.8086137121174168
0.1309385444032608 7.637170586838269
0.4436497942184633 2.2540301224789414
0.22863687829988155 4.373747609903918
0.13107652837245853 7.629130954387692
0.1134948235901258 8.810974530533578
0.41251766227368786 2.424138628363851
0.1719912016538787 5.814250905766889
0.8517301889700845 1.1740807276177494
0.8342381369165589 1.1986984959667706
0.4290391086778691 2.3307898505607314
0.48619457836554664 2.056789697988256
0.671625392570694 1.4889252417518475
0.6408057275329925 1.5605353651407776
0.3874960225475592 2.580671650319366
0.11347375603215892 8.812610377650634
