pareto front #1
1.535475909089099E-6 0.2903489663222577 0.010144319971571222 -1.3587514880527338 
0.05897463069631423 1.322066517876083 3.0552834267879136 1.0280161979581989E-13 
0.01554331207920414 6.6437926053463924E-12 -0.012355167030063098 -1.4953009747111293E-4 
-0.0028180342774545702 0.004877062558183147 -2.832331999547539E-12 -0.01643225415895532 
-0.0095336012623011 -5.0 -4.621114398413861 -0.007737049204213115 
-0.0148245525792855 -2.918932708139341 -5.0 0.0057074072378593965 
3.693178002494627E-4 -0.13344805116466618 0.7457823348977524 5.0 
5.0 0.903086830969072 0.0366519028239799 6.726998105271824E-5 
-0.001573933100799875 -0.16252618667625504 5.660766675718047E-4 -3.9353727780344414 
3.993323831978207 1.126898348774299 3.2704115607066027 3.454387525512141E-11 
3.3653555223977106E-4 0.8067690399133051 1.5385350762581705E-4 2.978110135046535 
3.569866445863994 -3.1016011256833274 2.6338229783444556 3.5770620821387885E-11 
0.03436585453961569 -0.0032561188197646994 1.3475946526006477E-4 -4.5942278512899035 
-4.8021479563627505 -1.8214600812425739 2.92093573871824 -4.295985818929948E-11 
4.425773446019773 -0.10841414917931547 3.9973086142220406 3.239409367896827E-7 
3.8170244058892275 -0.4057109388359801 3.6223854072764574 -5.750633535058287E-9 
0.0014685727639995767 -0.09252536487831575 -0.0018085259981569374 -2.676705256502421 
2.979068718169223 -4.145903311117233 1.0883236874974038 -3.1383879676177614E-10 
4.877051438854452 -0.389351613606177 4.347834618143383 3.467381440755503E-11 
-7.039834556173356E-4 4.874383365802938 -5.0 -0.3175605536575987 
-0.8143556325164051 4.887009707999074E-4 -0.006229390047706806 -1.6955247578585189 
-0.5217861646926951 2.1329521372905837 1.8214260292718247 4.2715471132310884E-8 
-1.6799220072430918 3.6643239494953868 -3.5231323353976125E-5 -0.008645560584373727 
3.1174126118352263 -4.530811009705495 1.3546822536709193 3.7924702107727185E-11 
4.645370384597892 3.829276510529896 6.572006438279039E-6 5.27262649157173E-4 
4.373759305833443 1.0050192393098736 4.742195415922909 3.188817544103662E-11 
2.160629151577278 3.401537130662188 1.244036655316597 -1.0744612661609207E-9 
2.3439749358003485 -2.7428237849109305 0.12596618678192079 3.3313793263204084E-5 
-1.934735231311124 4.180726022882757 2.191981875082727 3.116478844634946E-11 
-0.014116838583885696 4.264077281126552 -3.8710786609652037 -2.958904978376401E-4 
1.2296829409148975 -0.36037154571584296 4.536928037028995 7.784084819069902E-5 
-0.020703299720024552 -1.2161562100701467E-6 0.006790362727689212 4.769800207640909 
-4.916995350413524 1.5057616013254504 1.8166720737688644 -3.383044032602036E-12 
3.2678192136319737 -1.2472313989573323 4.707874242287685 2.2424039455264345E-11 
-2.741184082249764 -0.7020989797062027 -0.7326530340125188 3.821931768389458E-5 
0.09063576894933784 -4.7517660784178695 1.3728249574789202 5.262661761967552E-6 
3.4492492183380072 0.24369864126949747 1.4221124453892813 -6.549026711656698E-7 
-1.185680735870429 -3.2466232209765913 -0.8114904070392037 -3.806363713101924E-5 
2.413116230389882 -2.0493285786372555 -0.0065130323506093525 1.1413298462958086E-4 
-0.06401156213172933 4.985525059633938 -2.2098058696312157 -1.3496839213747658E-4 
0.05680548622855941 3.841168386971999 0.3210722690878541 -1.4243488600105354E-4 
2.3143787200932104 0.2527525184188994 3.704818392016721 8.892371595317019E-11 
2.182460167834945 -3.043359872188617 3.043870183657889 2.72561387026254E-11 
0.7663432748756327 0.14696418310634662 4.759381607472666 1.0457217392778357E-4 
-0.0015358885130137075 0.6350757667919822 4.129700559604699E-4 -5.0 
0.07707469856686266 4.415410258850544 -0.004378967008105347 -3.5808931578456865E-5 
0.7574708149244367 4.901903219310071 -0.019295475737641565 1.4079755534845246E-9 
5.625454391908133E-4 -0.08142613658593356 0.020023028700192486 -1.536946759383552 
4.979338818410389 0.5461366316651752 0.28856460881879364 3.4052640687504235E-5 
0.7697829220200119 -0.5145711717449775 0.22715305645114636 -6.386420068248349E-5 
-0.00807316397226829 3.772708688447611E-6 -0.17767060102525967 5.0 
-0.0018291079252182596 -0.018591401681807618 0.13560652644161142 -5.0 
pareto front #2
-0.002102857744266634 -5.0 -5.0 -0.7819610299283685 
-0.04143251212156587 -2.4233371128581633 3.6664664760371832 2.677058616313068E-4 
-0.0028180342774545702 0.004877062558183147 -0.1821557237234934 -0.01643225415895532 
0.0014025793235240315 -5.0 -1.6967413894091676 -1.790719643066859 
0.02089862505448762 0.010299413064627254 -0.03453398949519468 0.027651661399298207 
-0.031117908028643327 2.310539093838031 -5.0 0.009920214463957671 
-2.4894618537921547 -1.0022829291693856 -4.7352744459643255 1.0192455445363232E-4 
-0.13670576436157514 1.348453334158858 -5.0 -0.011826850075389077 
-0.11337652090578511 0.004086575186141911 -0.03566714794945347 5.0 
-0.012235535604635795 0.8338983245399119 -0.05049884637064332 0.02305265753668806 
-0.2371736061806331 1.3528777686120033 3.7354542791074996 0.001618371277153391 
-0.20120343955231523 -7.20599683431256E-8 -0.3615931105989706 5.0 
0.28647869739721354 -0.11763843324945011 -0.012453813319522566 -5.0 
-0.002102857744266634 -5.0 -5.0 -0.7819610299283685 
0.0630701829175809 1.7183771477373613 4.2358986129544505 2.1732203406780635E-4 
0.03725540711942842 0.09671315710805428 -0.015981286375591874 -2.413229867602287 
-0.002102857744266634 -5.0 -5.0 -0.7819610299283685 
5.0 0.5461366316651752 0.28856460881879364 3.4052640687504235E-5 
7.221191494369283E-4 -5.0 -5.0 -1.2887461400741365 
pareto front #3
0.5691831308929292 0.21401563991387562 0.02857336106474856 -2.6539121614782335 
-0.050804070518231985 -5.0 -5.0 0.007878856643975196 
-0.005311395363147932 -5.0 -4.004287091195077 -1.773168441833393 
-0.011107080998375098 5.0 -0.19560520030680628 -5.0 
-0.0421473153509183 3.2804321180670506 5.0 -0.015430054989786161 
0.00844145060255816 0.4703428947992222 0.19751557566447275 1.1596451672974002 
0.05897463069631423 1.322066517876083 3.0552834267879136 -0.044827577617988966 
-0.12282456881514359 -5.0 0.15663969446418058 -5.0 
0.01143831312574245 0.4015735908194388 0.38230013661937057 2.4600912413618 
-5.0 -0.6601409435988537 0.5590744399141339 0.0037630891168824593 
-0.01769358529792142 2.144405907780577 -5.0 -0.019410166957556513 
5.0 -0.6543110815170818 -0.3489178002699739 0.2886658919658403 
0.09507441640339104 2.985534289804814 2.121008077464997 0.08350370091350295 
pareto front #4
-0.010924692771135641 5.0 5.0 -4.956834268093025 
5.0 1.5689436780660353 -0.5253598906409909 0.3017629096565426 
0.11489635634304118 5.0 5.0 -0.8212140846541873 
0.017174296157754315 5.0 5.0 -2.0715736831958838 
-0.11690323079489164 -5.0 -5.0 -0.4246829615206438 
-5.0 0.25020302588777754 0.7390557613839503 -5.0 
0.02253597164680099 1.6711028621630395 -0.660830283555472 -2.4326433026284002 
-0.016850891112564523 -4.772749967430303 5.0 -5.0 
0.007141793559764353 -5.0 5.0 5.0 
-1.0644692555953355 -0.4801761631185387 -0.0361506022848585 -5.0 
0.18652856200901644 5.0 5.0 -0.06228811918027763 
pareto front #5
-0.19740990093901817 -5.0 4.309868942732111 5.0 
0.10851833443389211 5.0 -5.0 -2.242686781894412 
-5.0 5.0 2.4642308982306886 -1.955390423099816 
-0.35526431811626713 2.0249514952275733 -0.8909159321378004 2.435153513047654 
pareto front #6
0.7316249079151831 2.2076231803051054 3.5691739023556117 -3.4908214813820155 
