Parameters:
./07-iris-formatirano.data pso-b6 50 0 80000
neural network configuration: 4-5-3-3
individualityFactor: 2
socialComponent: 2.5
geomvelfactor: 0.99, 100, 0.5
----------------------
Weights:
35.03745369340616
-13.291077852099836
36.968443801928835
1.3590090336333254
-2.541011127328701
3.9293968933211723
12.18297369575147
4.432101185415839
-50.91220229015498
-5.394137844648964
-21.093730192993533
-14.303569998692533
43.71822570859264
-17.399484132814855
46.563370329301854
-7.210159400295068
-6.5009108786433005
11.811777505702963
9.73411551418778
-14.418799155215334
-46.01421841849673
-16.710674304902312
-40.09797333231974
-34.829989379914544
7.632208391405879
41.85903246552474
23.84873938648847
4.627744830565637
-119.15193968801476
-18.841019686247922
21.182439222907533
13.935827422873682
-6.4487412167928815
5.879336963874782
-587.534211859551
-47.29853976818044
0.6042814472677097
6.59957816819055
-22.153784780456323
32.906105061008
-59.01990754342601
-93.96764113727991
2.4898667569289112
238.45126618889003
168.63536207052547
-410.68735991390366
-370.29117622658964
-415.76148831782035
417.17557104379534
417.04476517102216
-373.54576643022955
419.67380267333476
-835.1658306180631
-417.9547606559505
42.166609460990585
----------------------
Error: 1.9E-322